2 0.375732 0.198125 0.247699 0.093750
2 0.375314 0.363750 0.251883 0.087500
2 0.385356 0.536250 0.250209 0.087500
2 0.379079 0.688750 0.252720 0.112500
2 0.387448 0.860625 0.244351 0.033750
2 0.744770 0.850625 0.338075 0.053750
2 0.729707 0.692500 0.329707 0.115000
2 0.741423 0.523750 0.329707 0.095000
2 0.727197 0.361875 0.333054 0.098750
2 0.727197 0.207500 0.336402 0.105000
0 0.567364 0.076250 0.723013 0.077500
1 0.955649 0.060625 0.028452 0.043750
4 0.527615 0.196875 0.035983 0.058750
4 0.527197 0.365000 0.036820 0.052500
4 0.538075 0.526250 0.033473 0.057500
4 0.533891 0.693750 0.033473 0.062500
4 0.541004 0.858125 0.025941 0.038750
