1 0.909357 0.066875 0.032581 0.043750
0 0.965748 0.205000 0.025063 0.330000
0 0.966165 0.641875 0.059315 0.393750
2 0.338764 0.126875 0.244779 0.098750
2 0.704678 0.125625 0.378446 0.103750
2 0.355054 0.283125 0.195489 0.113750
2 0.693400 0.285000 0.372598 0.087500
2 0.358396 0.435625 0.227235 0.113750
2 0.704261 0.440625 0.357561 0.098750
2 0.373434 0.588750 0.245614 0.120000
2 0.733083 0.577500 0.366750 0.102500
2 0.386383 0.728125 0.223058 0.108750
2 0.611111 0.731875 0.139515 0.111250
2 0.843358 0.728750 0.101086 0.140000
