2 0.390377 0.180625 0.248536 0.103750
2 0.401255 0.358125 0.260251 0.121250
2 0.399163 0.521250 0.251046 0.100000
2 0.412134 0.696875 0.263598 0.113750
2 0.398326 0.860000 0.257741 0.035000
2 0.749791 0.195625 0.349791 0.091250
2 0.759833 0.362500 0.341423 0.120000
2 0.753138 0.536250 0.344770 0.120000
2 0.770293 0.701875 0.357322 0.116250
2 0.764017 0.856875 0.344770 0.041250
1 0.971548 0.046250 0.040167 0.045000
1 0.919665 0.118125 0.026778 0.021250
0 0.422594 0.069375 0.435146 0.038750
0 0.817155 0.064375 0.275314 0.088750
